#Layer_Color=16272468
#
#Feature symbol names
#
$0 r3.937

#
#Feature attribute names
#

#
#Layer features
#
L 1.461732 3.363464 1.461732 3.796536 0 P 0
L 1.461732 3.363464 1.678268 3.363464 0 P 0
L 1.461732 3.796536 1.678268 3.796536 0 P 0
L 1.466732 2.833464 1.466732 3.266536 0 P 0
L 1.466732 2.833464 1.683268 2.833464 0 P 0
L 1.466732 3.266536 1.683268 3.266536 0 P 0
L 1.583464 1.191732 1.583464 1.408268 0 P 0
L 1.583464 1.191732 2.016536 1.191732 0 P 0
L 1.583464 1.408268 2.016536 1.408268 0 P 0
L 1.678268 3.363464 1.678268 3.796536 0 P 0
L 1.683268 2.833464 1.683268 3.266536 0 P 0
L 1.708464 2.441732 1.708464 2.658268 0 P 0
L 1.708464 2.441732 2.141536 2.441732 0 P 0
L 1.708464 2.658268 2.141536 2.658268 0 P 0
L 2.016536 1.191732 2.016536 1.408268 0 P 0
L 2.141536 2.441732 2.141536 2.658268 0 P 0
L 2.208464 2.441732 2.208464 2.658268 0 P 0
L 2.208464 2.441732 2.641536 2.441732 0 P 0
L 2.208464 2.658268 2.641536 2.658268 0 P 0
L 2.533464 1.191732 2.533464 1.408268 0 P 0
L 2.533464 1.191732 2.966536 1.191732 0 P 0
L 2.533464 1.408268 2.966536 1.408268 0 P 0
L 2.641536 2.441732 2.641536 2.658268 0 P 0
L 2.771732 2.023464 2.771732 2.456536 0 P 0
L 2.771732 2.023464 2.988268 2.023464 0 P 0
L 2.771732 2.456536 2.988268 2.456536 0 P 0
L 2.771732 2.473464 2.771732 2.906536 0 P 0
L 2.771732 2.473464 2.988268 2.473464 0 P 0
L 2.771732 2.906536 2.988268 2.906536 0 P 0
L 2.771732 2.943464 2.771732 3.376536 0 P 0
L 2.771732 2.943464 2.988268 2.943464 0 P 0
L 2.771732 3.376536 2.988268 3.376536 0 P 0
L 2.966536 1.191732 2.966536 1.408268 0 P 0
L 2.988268 2.023464 2.988268 2.456536 0 P 0
L 2.988268 2.473464 2.988268 2.906536 0 P 0
L 2.988268 2.943464 2.988268 3.376536 0 P 0
