#Layer_Color=15138737
#
#Feature symbol names
#
$0 r10
$1 r3.937

#
#Feature attribute names
#

#
#Layer features
#
A 2.4032705 1.342832 2.4032705 1.342832 2.2574752 1.342832 0 P 0 N
L 1.381692 1.996456 1.381692 2.053544 1 P 0
L 1.381692 1.996456 1.468308 1.996456 1 P 0
L 1.381692 2.053544 1.468308 2.053544 1 P 0
L 1.406692 2.621456 1.406692 2.678544 1 P 0
L 1.406692 2.621456 1.493308 2.621456 1 P 0
L 1.406692 2.678544 1.493308 2.678544 1 P 0
L 1.448426 1.658662 1.448426 1.741338 1 P 0
L 1.448426 1.658662 1.501574 1.658662 1 P 0
L 1.448426 1.741338 1.501574 1.741338 1 P 0
L 1.468308 1.996456 1.468308 2.053544 1 P 0
L 1.493308 2.621456 1.493308 2.678544 1 P 0
L 1.501574 1.658662 1.501574 1.741338 1 P 0
L 2.171456 1.731692 2.171456 1.818308 1 P 0
L 2.171456 1.731692 2.228544 1.731692 1 P 0
L 2.171456 1.818308 2.228544 1.818308 1 P 0
L 2.171456 1.956692 2.171456 2.043308 1 P 0
L 2.171456 1.956692 2.228544 1.956692 1 P 0
L 2.171456 2.043308 2.228544 2.043308 1 P 0
L 2.173426 2.308662 2.173426 2.391338 1 P 0
L 2.173426 2.308662 2.226574 2.308662 1 P 0
L 2.173426 2.391338 2.226574 2.391338 1 P 0
L 2.226574 2.308662 2.226574 2.391338 1 P 0
L 2.228544 1.731692 2.228544 1.818308 1 P 0
L 2.228544 1.956692 2.228544 2.043308 1 P 0
L 2.5430709 3.2168504 2.5430709 3.3231496 1 P 0
L 2.5430709 3.2168504 2.6769292 3.2168504 1 P 0
L 2.5430709 3.3231496 2.6769292 3.3231496 1 P 0
L 2.663426 2.678662 2.663426 2.761338 1 P 0
L 2.663426 2.678662 2.716574 2.678662 1 P 0
L 2.663426 2.761338 2.716574 2.761338 1 P 0
L 2.6769292 3.2168504 2.6769292 3.3231496 1 P 0
L 2.716574 2.678662 2.716574 2.761338 1 P 0
L 2.748426 1.483662 2.748426 1.566338 1 P 0
L 2.748426 1.483662 2.801574 1.483662 1 P 0
L 2.748426 1.566338 2.801574 1.566338 1 P 0
L 2.768662 3.453426 2.768662 3.506574 1 P 0
L 2.768662 3.453426 2.851338 3.453426 1 P 0
L 2.768662 3.506574 2.851338 3.506574 1 P 0
L 2.801574 1.483662 2.801574 1.566338 1 P 0
L 2.851338 3.453426 2.851338 3.506574 1 P 0
L 2.898662 4.023426 2.898662 4.076574 1 P 0
L 2.898662 4.023426 2.981338 4.023426 1 P 0
L 2.898662 4.076574 2.981338 4.076574 1 P 0
L 2.898662 4.133426 2.898662 4.186574 1 P 0
L 2.898662 4.133426 2.981338 4.133426 1 P 0
L 2.898662 4.186574 2.981338 4.186574 1 P 0
L 2.898662 4.243426 2.898662 4.296574 1 P 0
L 2.898662 4.243426 2.981338 4.243426 1 P 0
L 2.898662 4.296574 2.981338 4.296574 1 P 0
L 2.898662 4.383426 2.898662 4.436574 1 P 0
L 2.898662 4.383426 2.981338 4.383426 1 P 0
L 2.898662 4.436574 2.981338 4.436574 1 P 0
L 2.898662 4.513426 2.898662 4.566574 1 P 0
L 2.898662 4.513426 2.981338 4.513426 1 P 0
L 2.898662 4.566574 2.981338 4.566574 1 P 0
L 2.898662 4.623426 2.898662 4.676574 1 P 0
L 2.898662 4.623426 2.981338 4.623426 1 P 0
L 2.898662 4.676574 2.981338 4.676574 1 P 0
L 2.898662 4.733426 2.898662 4.786574 1 P 0
L 2.898662 4.733426 2.981338 4.733426 1 P 0
L 2.898662 4.786574 2.981338 4.786574 1 P 0
L 2.981338 4.023426 2.981338 4.076574 1 P 0
L 2.981338 4.133426 2.981338 4.186574 1 P 0
L 2.981338 4.243426 2.981338 4.296574 1 P 0
L 2.981338 4.383426 2.981338 4.436574 1 P 0
L 2.981338 4.513426 2.981338 4.566574 1 P 0
L 2.981338 4.623426 2.981338 4.676574 1 P 0
L 2.981338 4.733426 2.981338 4.786574 1 P 0
L 3.033426 2.778662 3.033426 2.861338 1 P 0
L 3.033426 2.778662 3.086574 2.778662 1 P 0
L 3.033426 2.861338 3.086574 2.861338 1 P 0
L 3.043426 2.458662 3.043426 2.541338 1 P 0
L 3.043426 2.458662 3.096574 2.458662 1 P 0
L 3.043426 2.541338 3.096574 2.541338 1 P 0
L 3.086574 2.778662 3.086574 2.861338 1 P 0
L 3.096574 2.458662 3.096574 2.541338 1 P 0
