#Layer_Color=15314666
#
#Feature symbol names
#
$0 r1.9685
$1 r3.937
$2 r8
$3 r5

#
#Feature attribute names
#

#
#Layer features
#
L 1.2 1.55 1.25 1.55 2 P 0
L 1.225 1.525 1.225 1.575 2 P 0
L 1.340354 1.973818 1.340354 2.076182 0 P 0
L 1.340354 1.973818 1.509646 1.973818 0 P 0
L 1.340354 2.076182 1.509646 2.076182 0 P 0
L 1.38307 2.61063 1.38307 2.68937 0 P 0
L 1.38307 2.61063 1.51693 2.61063 0 P 0
L 1.38307 2.68937 1.51693 2.68937 0 P 0
L 1.405314 2.025 1.444686 2.025 1 P 0
L 1.425 2.005316 1.425 2.044686 1 P 0
L 1.425788 1.615354 1.425788 1.784646 0 P 0
L 1.425788 1.615354 1.524212 1.615354 0 P 0
L 1.425788 1.784646 1.524212 1.784646 0 P 0
L 1.430314 2.65 1.469686 2.65 1 P 0
L 1.45 2.630316 1.45 2.669686 1 P 0
L 1.455314 1.7 1.494686 1.7 1 P 0
L 1.461732 3.363464 1.461732 3.796536 1 P 0
L 1.461732 3.363464 1.678268 3.363464 1 P 0
L 1.461732 3.796536 1.678268 3.796536 1 P 0
L 1.466732 2.833464 1.466732 3.266536 1 P 0
L 1.466732 2.833464 1.683268 2.833464 1 P 0
L 1.466732 3.266536 1.683268 3.266536 1 P 0
L 1.475 1.680314 1.475 1.719686 1 P 0
L 1.509646 1.973818 1.509646 2.076182 0 P 0
L 1.51693 2.61063 1.51693 2.68937 0 P 0
L 1.524212 1.615354 1.524212 1.784646 0 P 0
L 1.545 1.695 1.545 2.35 0 P 0
L 1.545 1.695 1.955 1.695 0 P 0
L 1.545 2.35 1.955 2.35 0 P 0
L 1.583464 1.191732 1.583464 1.408268 1 P 0
L 1.583464 1.191732 2.016536 1.191732 1 P 0
L 1.583464 1.408268 2.016536 1.408268 1 P 0
L 1.678268 3.363464 1.678268 3.796536 1 P 0
L 1.683268 2.833464 1.683268 3.266536 1 P 0
L 1.708464 2.441732 1.708464 2.658268 1 P 0
L 1.708464 2.441732 2.141536 2.441732 1 P 0
L 1.708464 2.658268 2.141536 2.658268 1 P 0
L 1.955 1.695 1.955 2.35 0 P 0
L 2.016536 1.191732 2.016536 1.408268 1 P 0
L 2.141536 2.441732 2.141536 2.658268 1 P 0
L 2.148818 1.915354 2.148818 2.084646 0 P 0
L 2.148818 1.915354 2.251182 1.915354 0 P 0
L 2.148818 2.084646 2.251182 2.084646 0 P 0
L 2.150788 2.265354 2.150788 2.434646 0 P 0
L 2.150788 2.265354 2.249212 2.265354 0 P 0
L 2.150788 2.434646 2.249212 2.434646 0 P 0
L 2.16063 1.70807 2.16063 1.84193 0 P 0
L 2.16063 1.70807 2.23937 1.70807 0 P 0
L 2.16063 1.84193 2.23937 1.84193 0 P 0
L 2.180316 1.775 2.219686 1.775 1 P 0
L 2.180316 2 2.219686 2 1 P 0
L 2.180316 2.35 2.219686 2.35 1 P 0
L 2.2 1.755316 2.2 1.794686 1 P 0
L 2.2 1.980316 2.2 2.019686 1 P 0
L 2.2 2.330316 2.2 2.369686 1 P 0
L 2.208464 2.441732 2.208464 2.658268 1 P 0
L 2.208464 2.441732 2.641536 2.441732 1 P 0
L 2.208464 2.658268 2.641536 2.658268 1 P 0
L 2.23937 1.70807 2.23937 1.84193 0 P 0
L 2.249212 2.265354 2.249212 2.434646 0 P 0
L 2.251182 1.915354 2.251182 2.084646 0 P 0
L 2.475 1.75 2.525 1.75 3 P 0
L 2.5 1.725 2.5 1.775 3 P 0
L 2.5017323 3.1951969 2.5017323 3.3448032 0 P 0
L 2.5017323 3.1951969 2.7182677 3.1951969 0 P 0
L 2.5017323 3.3448032 2.7182677 3.3448032 0 P 0
L 2.533464 1.191732 2.533464 1.408268 1 P 0
L 2.533464 1.191732 2.966536 1.191732 1 P 0
L 2.533464 1.408268 2.966536 1.408268 1 P 0
L 2.5875 1.525 2.6125 1.525 2 P 0
L 2.590315 3.27 2.6296851 3.27 1 P 0
L 2.6 1.5125 2.6 1.5375 2 P 0
L 2.61 3.250315 2.61 3.289685 1 P 0
L 2.641536 2.441732 2.641536 2.658268 1 P 0
L 2.652598 2.65504 2.652598 2.78496 0 P 0
L 2.652598 2.65504 2.727402 2.65504 0 P 0
L 2.652598 2.78496 2.727402 2.78496 0 P 0
L 2.670316 2.72 2.709686 2.72 1 P 0
L 2.69 2.700314 2.69 2.739686 1 P 0
L 2.7182677 3.1951969 2.7182677 3.3448032 0 P 0
L 2.727402 2.65504 2.727402 2.78496 0 P 0
L 2.737598 1.46004 2.737598 1.58996 0 P 0
L 2.737598 1.46004 2.812402 1.46004 0 P 0
L 2.737598 1.58996 2.812402 1.58996 0 P 0
L 2.74504 3.442598 2.74504 3.517402 0 P 0
L 2.74504 3.442598 2.87496 3.442598 0 P 0
L 2.74504 3.517402 2.87496 3.517402 0 P 0
L 2.755316 1.525 2.794686 1.525 1 P 0
L 2.771732 2.023464 2.771732 2.456536 1 P 0
L 2.771732 2.023464 2.988268 2.023464 1 P 0
L 2.771732 2.456536 2.988268 2.456536 1 P 0
L 2.771732 2.473464 2.771732 2.906536 1 P 0
L 2.771732 2.473464 2.988268 2.473464 1 P 0
L 2.771732 2.906536 2.988268 2.906536 1 P 0
L 2.771732 2.943464 2.771732 3.376536 1 P 0
L 2.771732 2.943464 2.988268 2.943464 1 P 0
L 2.771732 3.376536 2.988268 3.376536 1 P 0
L 2.775 1.505316 2.775 1.544686 1 P 0
L 2.790316 3.48 2.829686 3.48 1 P 0
L 2.81 3.460316 2.81 3.499686 1 P 0
L 2.812402 1.46004 2.812402 1.58996 0 P 0
L 2.8625 1.525 2.8875 1.525 2 P 0
L 2.87496 3.442598 2.87496 3.517402 0 P 0
L 2.875 1.5125 2.875 1.5375 2 P 0
L 2.87504 4.012598 2.87504 4.087402 0 P 0
L 2.87504 4.012598 3.00496 4.012598 0 P 0
L 2.87504 4.087402 3.00496 4.087402 0 P 0
L 2.87504 4.122598 2.87504 4.197402 0 P 0
L 2.87504 4.122598 3.00496 4.122598 0 P 0
L 2.87504 4.197402 3.00496 4.197402 0 P 0
L 2.87504 4.232598 2.87504 4.307402 0 P 0
L 2.87504 4.232598 3.00496 4.232598 0 P 0
L 2.87504 4.307402 3.00496 4.307402 0 P 0
L 2.87504 4.372598 2.87504 4.447402 0 P 0
L 2.87504 4.372598 3.00496 4.372598 0 P 0
L 2.87504 4.447402 3.00496 4.447402 0 P 0
L 2.87504 4.502598 2.87504 4.577402 0 P 0
L 2.87504 4.502598 3.00496 4.502598 0 P 0
L 2.87504 4.577402 3.00496 4.577402 0 P 0
L 2.87504 4.612598 2.87504 4.687402 0 P 0
L 2.87504 4.612598 3.00496 4.612598 0 P 0
L 2.87504 4.687402 3.00496 4.687402 0 P 0
L 2.87504 4.722598 2.87504 4.797402 0 P 0
L 2.87504 4.722598 3.00496 4.722598 0 P 0
L 2.87504 4.797402 3.00496 4.797402 0 P 0
L 2.920314 4.54 2.959686 4.54 1 P 0
L 2.920314 4.65 2.959686 4.65 1 P 0
L 2.920314 4.76 2.959686 4.76 1 P 0
L 2.920316 4.05 2.959686 4.05 1 P 0
L 2.920316 4.16 2.959686 4.16 1 P 0
L 2.920316 4.27 2.959686 4.27 1 P 0
L 2.920316 4.41 2.959686 4.41 1 P 0
L 2.94 4.030316 2.94 4.069686 1 P 0
L 2.94 4.140316 2.94 4.179686 1 P 0
L 2.94 4.250316 2.94 4.289686 1 P 0
L 2.94 4.390316 2.94 4.429686 1 P 0
L 2.94 4.520316 2.94 4.559686 1 P 0
L 2.94 4.630316 2.94 4.669686 1 P 0
L 2.94 4.740316 2.94 4.779686 1 P 0
L 2.966536 1.191732 2.966536 1.408268 1 P 0
L 2.988268 2.023464 2.988268 2.456536 1 P 0
L 2.988268 2.473464 2.988268 2.906536 1 P 0
L 2.988268 2.943464 2.988268 3.376536 1 P 0
L 3.00496 4.012598 3.00496 4.087402 0 P 0
L 3.00496 4.122598 3.00496 4.197402 0 P 0
L 3.00496 4.232598 3.00496 4.307402 0 P 0
L 3.00496 4.372598 3.00496 4.447402 0 P 0
L 3.00496 4.502598 3.00496 4.577402 0 P 0
L 3.00496 4.612598 3.00496 4.687402 0 P 0
L 3.00496 4.722598 3.00496 4.797402 0 P 0
L 3.022598 2.75504 3.022598 2.88496 0 P 0
L 3.022598 2.75504 3.097402 2.75504 0 P 0
L 3.022598 2.88496 3.097402 2.88496 0 P 0
L 3.032598 2.43504 3.032598 2.56496 0 P 0
L 3.032598 2.43504 3.107402 2.43504 0 P 0
L 3.032598 2.56496 3.107402 2.56496 0 P 0
L 3.040316 2.82 3.079686 2.82 1 P 0
L 3.050316 2.5 3.089686 2.5 1 P 0
L 3.06 2.800316 3.06 2.839686 1 P 0
L 3.07 2.480316 3.07 2.519686 1 P 0
L 3.097402 2.75504 3.097402 2.88496 0 P 0
L 3.107402 2.43504 3.107402 2.56496 0 P 0
L 3.225 1.55 3.275 1.55 2 P 0
L 3.25 1.525 3.25 1.575 2 P 0
